 51 1872.749309 2.481E-31 0.000E+00.02240.036 6289.18470.38-.003128              1              0                    P 57      375623 510 5 5 1 8E    0.0    0.0
 51 1878.321942 6.936E-31 0.000E+00.02270.036 6074.53040.38-.003128              1              0                    P 56      375623 510 5 5 1 8E    0.0    0.0
 51 1883.867662 1.904E-30 0.000E+00.02300.036 5863.48830.39-.003128              1              0                    P 55      375623 510 5 5 1 8E    0.0    0.0
 51 1889.386331 5.136E-30 0.000E+00.02330.037 5656.06660.39-.003128              1              0                    P 54      375623 510 5 5 1 8E    0.0    0.0
 51 1894.877809 1.360E-29 0.000E+00.02360.037 5452.27330.40-.003128              1              0                    P 53      375623 510 5 5 1 8E    0.0    0.0
 51 1900.341956 3.539E-29 0.000E+00.02390.037 5252.11620.41-.003128              1              0                    P 52      375623 510 5 5 1 8E    0.0    0.0
 51 1902.414114 2.295E-31 0.000E+00.02550.039 6409.92360.44-.003128              2              1                    P 47      475623 510 5 5 1 8E    0.0    0.0
 51 1905.778633 9.041E-29 0.000E+00.02420.038 5055.60290.41-.003128              1              0                    P 51      375623 510 5 5 1 8E    0.0    0.0
 51 1907.676341 5.311E-31 0.000E+00.02590.040 6233.38530.45-.003128              2              1                    P 46      475623 510 5 5 1 8E    0.0    0.0
 51 1911.187699 2.268E-28 0.000E+00.02450.038 4862.74110.42-.003128              1              0                    P 50      475623 510 5 5 1 8E    0.0    0.0
 51 1912.910247 1.206E-30 0.000E+00.02630.040 6060.49900.46-.003128              2              1                    P 45      475623 510 5 5 1 8E    0.0    0.0
 51 1916.569015 5.588E-28 0.000E+00.02480.038 4673.53810.43-.003128              1              0                    P 49      475623 510 5 5 1 8E    0.0    0.0
 51 1918.115690 2.691E-30 0.000E+00.02660.040 5891.27140.47-.003128              2              1                    P 44      475623 510 5 5 1 8E    0.0    0.0
 51 1921.922438 1.351E-27 0.000E+00.02520.039 4488.00120.44-.003128              1              0                    P 48      475623 510 5 5 1 8E    0.0    0.0
 51 1923.292528 5.893E-30 0.000E+00.02700.041 5725.70900.47-.003128              2              1                    P 43      475623 510 5 5 1 8E    0.0    0.0
 51 1927.247828 3.210E-27 0.000E+00.02550.039 4306.13750.44-.003128              1              0                    P 47      475623 510 5 5 1 8E    0.0    0.0
 51 1928.440618 1.267E-29 0.000E+00.02740.041 5563.81840.48-.003128              2              1                    P 42      475623 510 5 5 1 8E    0.0    0.0
 51 1932.545044 7.487E-27 0.000E+00.02590.040 4127.95390.45-.003128              1              0                    P 46      475623 510 5 5 1 8E    0.0    0.0
 51 1933.559820 2.674E-29 0.000E+00.02780.042 5405.60560.49-.003128              2              1                    P 41      475623 510 5 5 1 8E    0.0    0.0
 51 1937.813944 1.714E-26 0.000E+00.02630.040 3953.45740.46-.003128              1              0                    P 45      475623 510 5 5 1 8E    0.0    0.0
 51 1938.649989 5.542E-29 0.000E+00.02830.042 5251.07690.50-.003128              2              1                    P 40      475623 510 5 5 1 8E    0.0    0.0
 51 1943.054387 3.853E-26 0.000E+00.02660.040 3782.65460.47-.003128              1              0                    P 44      475623 510 5 5 1 8E    0.0    0.0
 51 1943.710984 1.127E-28 0.000E+00.02870.043 5100.23820.51-.003128              2              1                    P 39      475623 510 5 5 1 8E    0.0    0.0
 51 1948.266228 8.502E-26 0.000E+00.02700.041 3615.55210.47-.003128              1              0                    P 43      475623 510 5 5 1 8E    0.0    0.0
 51 1948.742660 2.250E-28 0.000E+00.02920.043 4953.09540.52-.003128              2              1                    P 38      475623 510 5 5 1 8E    0.0    0.0
 51 1953.449328 1.841E-25 0.000E+00.02740.041 3452.15630.48-.003128              1              0                    P 42      475623 510 5 5 1 8E    0.0    0.0
 51 1953.744875 4.409E-28 0.000E+00.02960.044 4809.65410.53-.003128              2              1                    P 37      475623 510 5 5 1 8E    0.0    0.0
 51 1958.603542 3.915E-25 0.000E+00.02780.042 3292.47340.49-.003128              1              0                    P 41      475623 510 5 5 1 8E    0.0    0.0
 51 1958.717485 8.479E-28 0.000E+00.03010.044 4669.92000.54-.003128              2              1                    P 36      475623 510 5 5 1 8E    0.0    0.0
 51 1963.660347 1.600E-27 0.000E+00.03060.045 4533.89830.55-.003128              2              1                    P 35      475623 510 5 5 1 8E    0.0    0.0
 51 1963.728728 8.169E-25 0.000E+00.02830.042 3136.50950.50-.003128              1              0                    P 40      475623 510 5 5 1 8E    0.0    0.0
 51 1968.573316 2.964E-27 0.000E+00.03110.045 4401.59430.56-.003128              2              1                    P 34      475623 510 5 5 1 8E    0.0    0.0
 51 1968.824743 1.673E-24 0.000E+00.02870.043 2984.27070.51-.003128              1              0                    P 39      475623 510 5 5 1 8E    0.0    0.0
 51 1973.456249 5.385E-27 0.000E+00.03160.046 4273.01330.57-.003128              2              1                    P 33      475623 510 5 5 1 8E    0.0    0.0
 51 1973.891443 3.362E-24 0.000E+00.02920.043 2835.76270.52-.003128              1              0                    P 38      475623 510 5 5 1 8E    0.0    0.0
 51 1978.309000 9.600E-27 0.000E+00.03210.046 4148.16010.58-.003128              2              1                    P 32      475623 510 5 5 1 8E    0.0    0.0
 51 1978.928684 6.631E-24 0.000E+00.02960.044 2690.99130.53-.003128              1              0                    P 37      475623 510 5 5 1 8E    0.0    0.0
 51 1983.131428 1.679E-26 0.000E+00.03270.047 4027.03950.59-.003128              2              1                    P 31      475623 510 5 5 1 8E    0.0    0.0
 51 1983.936324 1.283E-23 0.000E+00.03010.044 2549.96200.54-.003128              1              0                    P 36      475623 510 5 5 1 8E    0.0    0.0
 51 1987.923384 2.881E-26 0.000E+00.03330.047 3909.65620.60-.003128              2              1                    P 30      475623 510 5 5 1 8E    0.0    0.0
 51 1988.914218 2.436E-23 0.000E+00.03060.045 2412.68010.55-.003128              1              0                    P 35      475623 510 5 5 1 8E    0.0    0.0
 51 1992.684726 4.849E-26 0.000E+00.03380.048 3796.01490.61-.003128              2              1                    P 29      475623 510 5 5 1 8E    0.0    0.0
 51 1993.862221 4.539E-23 0.000E+00.03110.045 2279.15110.56-.003128              1              0                    P 34      475623 510 5 5 1 8E    0.0    0.0
 51 1997.415307 8.004E-26 0.000E+00.03440.049 3686.11980.62-.003128              2              1                    P 28      475623 510 5 5 1 8E    0.0    0.0
 51 1998.780191 8.297E-23 0.000E+00.03160.046 2149.37990.57-.003128              1              0                    P 33      475623 510 5 5 1 8E    0.0    0.0
 51 2002.114985 1.296E-25 0.000E+00.03500.049 3579.97510.63-.003128              2              1                    P 27      475623 510 5 5 1 8E    0.0    0.0
 51 2003.667981 1.488E-22 0.000E+00.03210.046 2023.37150.58-.003128              1              0                    P 32      475623 510 5 5 1 8E    0.0    0.0
 51 2006.783612 2.056E-25 0.000E+00.03570.050 3477.58510.64-.003128              2              1                    P 26      475623 510 5 5 1 8E    0.0    0.0
 51 2008.525448 2.616E-22 0.000E+00.03270.047 1901.13080.59-.003128              1              0                    P 31      475623 510 5 5 1 8E    0.0    0.0
 51 2011.421043 3.201E-25 0.000E+00.03630.051 3378.95370.65-.003128              2              1                    P 25      475623 510 5 5 1 8E    0.0    0.0
 51 2013.352446 4.512E-22 0.000E+00.03330.047 1782.66240.60-.003128              1              0                    P 30      475623 510 5 5 1 8E    0.0    0.0
 51 2016.027134 4.882E-25 0.000E+00.03700.051 3284.08460.66-.003128              2              1                    P 24      475623 510 5 5 1 8E    0.0    0.0
 51 2018.148830 7.633E-22 0.000E+00.03380.048 1667.97090.61-.003128              1              0                    P 29      475623 510 5 5 1 8E    0.0    0.0
 51 2020.601738 7.300E-25 0.000E+00.03770.052 3192.98150.66-.003128              2              1                    P 23      475623 510 5 5 1 8E    0.0    0.0
 51 2022.914455 1.266E-21 0.000E+00.03440.049 1557.06070.62-.003128              1              0                    P 28      475623 510 5 5 1 8E    0.0    0.0
 51 2025.144711 1.070E-24 0.000E+00.03830.053 3105.64790.67-.003128              2              1                    P 22      475623 510 5 5 1 8E    0.0    0.0
 51 2027.649176 2.060E-21 0.000E+00.03500.049 1449.93590.63-.003128              1              0                    P 27      475623 510 5 5 1 8E    0.0    0.0
 51 2029.655904 1.536E-24 0.000E+00.03900.053 3022.08730.68-.003128              2              1                    P 21      475623 510 5 5 1 8E    0.0    0.0
 51 2032.352848 3.284E-21 0.000E+00.03570.050 1346.60080.64-.003128              1              0                    P 26      475623 510 5 5 1 8E    0.0    0.0
 51 2034.135174 2.160E-24 0.000E+00.03970.054 2942.30280.69-.003128              2              1                    P 20      475663 510 5 5 1 8E    0.0    0.0
 51 2037.025324 5.134E-21 0.000E+00.03630.051 1247.05920.65-.003128              1              0                    P 25      475623 510 5 5 1 8E    0.0    0.0
 51 2038.582374 2.975E-24 0.000E+00.04040.055 2866.29750.69-.003128              2              1                    P 19      475663 510 5 5 1 8E    0.0    0.0
 51 2041.666460 7.865E-21 0.000E+00.03700.051 1151.31500.66-.003128              1              0                    P 24      475623 510 5 5 1 8E    0.0    0.0
 51 2042.997357 4.012E-24 0.000E+00.04110.056 2794.07430.70-.003128              2              1                    P 18      475663 510 5 5 1 8E    0.0    0.0
 51 2046.276109 1.181E-20 0.000E+00.03770.052 1059.37180.66-.003128              1              0                    P 23      475623 510 5 5 1 1E    0.0    0.0
 51 2047.379978 5.296E-24 0.000E+00.04180.057 2725.63610.71-.003128              2              1                    P 17      475663 510 5 5 1 8E    0.0    0.0
 51 2050.854126 1.738E-20 0.000E+00.03830.053  971.23320.67-.003128              1              0                    P 22      475623 510 5 5 1 1E    0.0    0.0
 51 2051.730090 6.838E-24 0.000E+00.04240.058 2660.98550.71-.003128              2              1                    P 16      475663 510 5 5 1 8E    0.0    0.0
 51 2055.400364 2.504E-20 0.000E+00.03900.053  886.90240.68-.003128              1              0                    P 21      475623 510 5 5 1 1E    0.0    0.0
 51 2056.047547 8.636E-24 0.000E+00.04300.059 2600.12490.71-.003128              2              1                    P 15      475663 510 5 5 1 8E    0.0    0.0
 51 2059.914677 3.535E-20 0.000E+00.03970.054  806.38280.69-.003128              1              0                    P 20      475663 510 5 5 1 1E    0.0    0.0
 51 2060.332203 1.066E-23 0.000E+00.04360.059 2543.05670.72-.003128              2              1                    P 14      475663 510 5 5 1 8E    0.0    0.0
 51 2064.396920 4.885E-20 0.000E+00.04040.055  729.67740.69-.003128              1              0                    P 19      475663 510 5 5 1 1E    0.0    0.0
 51 2064.583910 1.285E-23 0.000E+00.04420.060 2489.78310.72-.003128              2              1                    P 13      475663 510 5 5 1 8E    0.0    0.0
 51 2068.802522 1.511E-23 0.000E+00.04460.062 2440.30620.72-.003128              2              1                    P 12      475663 510 5 5 1 8E    0.0    0.0
 51 2068.846945 6.609E-20 0.000E+00.04110.056  656.78920.70-.003128              1              0                    P 18      475663 510 5 5 1 1E    0.0    0.0
 51 2072.987893 1.734E-23 0.000E+00.04510.063 2394.62790.72-.003128              2              1                    P 11      475663 510 5 5 1 8E    0.0    0.0
 51 2073.264607 8.750E-20 0.000E+00.04180.057  587.72090.71-.003128              1              0                    P 17      475663 510 5 5 1 1E    0.0    0.0
 51 2077.139876 1.936E-23 0.000E+00.04560.064 2352.74990.72-.003128              2              1                    P 10      475663 510 5 5 1 8E    0.0    0.0
 51 2077.649758 1.133E-19 0.000E+00.04240.058  522.47510.71-.003128              1              0                    P 16      475663 510 5 5 1 1E    0.0    0.0
 51 2081.258324 2.100E-23 0.000E+00.04620.065 2314.67390.71-.003128              2              1                    P  9      475663 510 5 5 1 8E    0.0    0.0
 51 2082.002253 1.435E-19 0.000E+00.04300.059  461.05440.71-.003128              1              0                    P 15      475663 510 5 5 1 1E    0.0    0.0
 51 2085.343090 2.210E-23 0.000E+00.04720.066 2280.40120.71-.003128              2              1                    P  8      475663 510 5 5 1 8E    0.0    0.0
 51 2086.321945 1.776E-19 0.000E+00.04360.059  403.46120.72-.003128              1              0                    P 14      475663 510 5 5 1 1E    0.0    0.0
 51 2089.394028 2.246E-23 0.000E+00.04860.068 2249.93340.71-.003128              2              1                    P  7      475663 510 5 5 1 8E    0.0    0.0
 51 2090.608687 2.145E-19 0.000E+00.04420.060  349.69750.72-.003128              1              0                    P 13      475663 510 5 5 1 1E    0.0    0.0
 51 2093.410991 2.196E-23 0.000E+00.05070.069 2223.27140.71-.003128              2              1                    P  6      475663 510 5 5 1 8E    0.0    0.0
 51 2094.862333 2.529E-19 0.000E+00.04460.062  299.76560.72-.003128              1              0                    P 12      475663 510 5 5 1 1E    0.0    0.0
 51 2097.393832 2.049E-23 0.000E+00.05350.071 2200.41640.71-.002852              2              1                    P  5      475663 510 5 5 1 8E    0.0    0.0
 51 2099.082735 2.908E-19 0.000E+00.04510.063  253.66720.72-.003128              1              0                    P 11      475663 510 5 5 1 1E    0.0    0.0
 51 2101.342404 1.802E-23 0.000E+00.05690.074 2181.36920.71-.002429              2              1                    P  4      475663 510 5 5 1 8E    0.0    0.0
 51 2103.269747 3.253E-19 0.000E+00.04560.064  211.40410.72-.003128              1              0                    P 10      475663 510 5 5 1 1E    0.0    0.0
 51 2105.256560 1.458E-23 0.000E+00.06090.077 2166.13050.72-.002006              2              1                    P  3      475663 510 5 5 1 8E    0.0    0.0
 51 2107.423222 3.535E-19 0.000E+00.04620.065  172.97800.71-.003128              1              0                    P  9      475663 510 5 5 1 1E    0.0    0.0
 51 2109.136154 1.030E-23 0.000E+00.06520.081 2154.70100.74-.001583              2              1                    P  2      475663 510 5 5 1 8E    0.0    0.0
 51 2111.543014 3.725E-19 0.000E+00.04720.066  138.39040.71-.003128              1              0                    P  8      475663 510 5 5 1 1E    0.0    0.0
 51 2112.981038 5.354E-24 0.000E+00.06960.087 2147.08110.77-.001159              2              1                    P  1      475663 510 5 5 1 8E    0.0    0.0
 51 2115.628975 3.793E-19 0.000E+00.04860.068  107.64240.71-.003128              1              0                    P  7      475663 510 5 5 1 1E    0.0    0.0
 51 2119.680959 3.713E-19 0.000E+00.05070.069   80.73540.71-.003128              1              0                    P  6      475663 510 5 5 1 1E    0.0    0.0
 51 2120.566089 5.474E-24 0.000E+00.06960.087 2143.27110.77-.001393              2              1                    R  0      475663 510 5 5 1 8E    0.0    0.0
 51 2123.698818 3.468E-19 0.000E+00.05350.071   57.67040.71-.002852              1              0                    P  5      475663 510 5 5 1 1E    0.0    0.0
 51 2124.305963 1.077E-23 0.000E+00.06520.081 2147.08110.74-.001383              2              1                    R  1      475663 510 5 5 1 8E    0.0    0.0
 51 2127.682406 3.052E-19 0.000E+00.05690.074   38.44810.71-.002429              1              0                    P  4      475663 510 5 5 1 1E    0.0    0.0
 51 2128.010540 1.559E-23 0.000E+00.06090.077 2154.70100.72-.001381              2              1                    R  2      475663 510 5 5 1 8E    0.0    0.0
 51 2131.631576 2.472E-19 0.000E+00.06090.077   23.06950.72-.002006              1              0                    P  3      475663 510 5 5 1 1E    0.0    0.0
 51 2131.679673 1.971E-23 0.000E+00.05690.074 2166.13050.71-.001384              2              1                    R  3      475663 510 5 5 1 8E    0.0    0.0
 51 2135.313215 2.292E-23 0.000E+00.05350.071 2181.36920.71-.001395              2              1                    R  4      475663 510 5 5 1 8E    0.0    0.0
 51 2135.546180 1.746E-19 0.000E+00.06520.081   11.53500.74-.001583              1              0                    P  2      475663 510 5 5 1 1E    0.0    0.0
 51 2138.911020 2.512E-23 0.000E+00.05070.069 2200.41640.71-.001412              2              1                    R  5      475663 510 5 5 1 8E    0.0    0.0
 51 2139.426073 9.083E-20 0.000E+00.06960.087    3.84500.77-.001159              1              0                    P  1      475663 510 5 5 1 1E    0.0    0.0
 51 2142.472940 2.627E-23 0.000E+00.04860.068 2223.27140.71-.001435              2              1                    R  6      475663 510 5 5 1 8E    0.0    0.0
 51 2145.998829 2.643E-23 0.000E+00.04720.066 2249.93340.71-.001465              2              1                    R  7      475663 510 5 5 1 8E    0.0    0.0
 51 2147.081134 9.290E-20 0.000E+00.06960.087    0.00000.77-.001393              1              0                    R  0      475663 510 5 5 1 1E    0.0    0.0
 51 2149.488540 2.569E-23 0.000E+00.04620.065 2280.40120.71-.001502              2              1                    R  8      475663 510 5 5 1 8E    0.0    0.0
 51 2150.856008 1.828E-19 0.000E+00.06520.081    3.84500.74-.001383              1              0                    R  1      475663 510 5 5 1 1E    0.0    0.0
 51 2152.941927 2.421E-23 0.000E+00.04560.064 2314.67390.72-.001545              2              1                    R  9      475663 510 5 5 1 8E    0.0    0.0
 51 2154.595583 2.646E-19 0.000E+00.06090.077   11.53500.72-.001381              1              0                    R  2      475663 510 5 5 1 1E    0.0    0.0
 51 2156.358842 2.217E-23 0.000E+00.04510.063 2352.74990.72-.001595              2              1                    R 10      475663 510 5 5 1 8E    0.0    0.0
 51 2158.299712 3.342E-19 0.000E+00.05690.074   23.06950.71-.001384              1              0                    R  3      475663 510 5 5 1 1E    0.0    0.0
 51 2159.739140 1.977E-23 0.000E+00.04460.062 2394.62790.72-.001652              2              1                    R 11      475663 510 5 5 1 8E    0.0    0.0
 51 2161.968247 3.884E-19 0.000E+00.05350.071   38.44810.71-.001395              1              0                    R  4      475663 510 5 5 1 1E    0.0    0.0
 51 2163.082673 1.718E-23 0.000E+00.04420.060 2440.30620.72-.001715              2              1                    R 12      475663 510 5 5 1 8E    0.0    0.0
 51 2165.601042 4.253E-19 0.000E+00.05070.069   57.67040.71-.001412              1              0                    R  5      475663 510 5 5 1 1E    0.0    0.0
 51 2166.389295 1.457E-23 0.000E+00.04360.059 2489.78310.72-.001785              2              1                    R 13      475663 510 5 5 1 8E    0.0    0.0
 51 2169.197950 4.444E-19 0.000E+00.04860.068   80.73540.71-.001435              1              0                    R  6      475663 510 5 5 1 1E    0.0    0.0
 51 2169.658860 1.207E-23 0.000E+00.04300.059 2543.05670.71-.001861              2              1                    R 14      475663 510 5 5 1 8E    0.0    0.0
 51 2172.758825 4.465E-19 0.000E+00.04720.066  107.64240.71-.001465              1              0                    R  7      475663 510 5 5 1 1E    0.0    0.0
 51 2172.891222 9.778E-24 0.000E+00.04240.058 2600.12490.71-.001944              2              1                    R 15      475663 510 5 5 1 8E    0.0    0.0
 51 2176.086233 7.743E-24 0.000E+00.04180.057 2660.98550.71-.002033              2              1                    R 16      475663 510 5 5 1 8E    0.0    0.0
 51 2176.283519 4.335E-19 0.000E+00.04620.065  138.39040.71-.001502              1              0                    R  8      475663 510 5 5 1 1E    0.0    0.0
 51 2179.243748 5.999E-24 0.000E+00.04110.056 2725.63610.70-.002129              2              1                    R 17      475663 510 5 5 1 8E    0.0    0.0
 51 2179.771887 4.079E-19 0.000E+00.04560.064  172.97800.72-.001545              1              0                    R  9      475663 510 5 5 1 1E    0.0    0.0
 51 2182.363620 4.548E-24 0.000E+00.04040.055 2794.07430.69-.002232              2              1                    R 18      475663 510 5 5 1 8E    0.0    0.0
 51 2183.223781 3.729E-19 0.000E+00.04510.063  211.40410.72-.001595              1              0                    R 10      475663 510 5 5 1 1E    0.0    0.0
 51 2185.445703 3.376E-24 0.000E+00.03970.054 2866.29750.69-.002290              2              1                    R 19      475663 510 5 5 1 8E    0.0    0.0
 51 2186.639055 3.319E-19 0.000E+00.04460.062  253.66720.72-.001652              1              0                    R 11      475663 510 5 5 1 1E    0.0    0.0
 51 2188.489851 2.454E-24 0.000E+00.03900.053 2942.30280.68-.002353              2              1                    R 20      475623 510 5 5 1 8E    0.0    0.0
 51 2190.017563 2.879E-19 0.000E+00.04420.060  299.76560.72-.001715              1              0                    R 12      475663 510 5 5 1 1E    0.0    0.0
 51 2191.495919 1.747E-24 0.000E+00.03830.053 3022.08730.67-.002416              2              1                    R 21      475623 510 5 5 1 8E    0.0    0.0
 51 2193.359157 2.437E-19 0.000E+00.04360.059  349.69750.72-.001785              1              0                    R 13      475663 510 5 5 1 1E    0.0    0.0
 51 2194.463759 1.219E-24 0.000E+00.03770.052 3105.64790.66-.002479              2              1                    R 22      475623 510 5 5 1 8E    0.0    0.0
 51 2196.663693 2.015E-19 0.000E+00.04300.059  403.46120.71-.001861              1              0                    R 14      475663 510 5 5 1 1E    0.0    0.0
 51 2197.393227 8.338E-25 0.000E+00.03700.051 3192.98150.66-.002540              2              1                    R 23      475623 510 5 5 1 8E    0.0    0.0
 51 2199.931023 1.627E-19 0.000E+00.04240.058  461.05440.71-.001944              1              0                    R 15      475663 510 5 5 1 1E    0.0    0.0
 51 2200.284176 5.587E-25 0.000E+00.03630.051 3284.08460.65-.002601              2              1                    R 24      475623 510 5 5 1 8E    0.0    0.0
 51 2203.136460 3.670E-25 0.000E+00.03570.050 3378.95370.64-.002661              2              1                    R 25      475623 510 5 5 1 8E    0.0    0.0
 51 2203.161001 1.285E-19 0.000E+00.04180.057  522.47510.71-.002033              1              0                    R 16      475663 510 5 5 1 1E    0.0    0.0
 51 2205.949934 2.364E-25 0.000E+00.03500.049 3477.58510.63-.002719              2              1                    R 26      475623 510 5 5 1 8E    0.0    0.0
 51 2206.353482 9.927E-20 0.000E+00.04110.056  587.72090.70-.002129              1              0                    R 17      475663 510 5 5 1 1E    0.0    0.0
 51 2208.724452 1.493E-25 0.000E+00.03440.049 3579.97510.62-.002777              2              1                    R 27      475623 510 5 5 1 8E    0.0    0.0
 51 2209.508319 7.504E-20 0.000E+00.04040.055  656.78920.69-.002232              1              0                    R 18      475663 510 5 5 1 1E    0.0    0.0
 51 2211.459869 9.246E-26 0.000E+00.03380.048 3686.11980.61-.002833              2              1                    R 28      475623 510 5 5 1 8E    0.0    0.0
 51 2212.625365 5.553E-20 0.000E+00.03970.054  729.67740.69-.002290              1              0                    R 19      475663 510 5 5 1 1E    0.0    0.0
 51 2214.156039 5.616E-26 0.000E+00.03330.047 3796.01490.60-.002887              2              1                    R 29      475623 510 5 5 1 8E    0.0    0.0
 51 2215.704476 4.023E-20 0.000E+00.03900.053  806.38280.68-.002353              1              0                    R 20      475623 510 5 5 1 1E    0.0    0.0
 51 2216.812816 3.346E-26 0.000E+00.03270.047 3909.65620.59-.002941              2              1                    R 30      475623 510 5 5 1 8E    0.0    0.0
 51 2218.745505 2.855E-20 0.000E+00.03830.053  886.90240.67-.002416              1              0                    R 21      475623 510 5 5 1 1E    0.0    0.0
 51 2219.430056 1.955E-26 0.000E+00.03210.046 4027.03950.58-.002993              2              1                    R 31      475623 510 5 5 1 8E    0.0    0.0
 51 2221.748306 1.985E-20 0.000E+00.03770.052  971.23320.66-.002479              1              0                    R 22      475623 510 5 5 1 1E    0.0    0.0
 51 2222.007612 1.121E-26 0.000E+00.03160.046 4148.16010.57-.003043              2              1                    R 32      475623 510 5 5 1 8E    0.0    0.0
 51 2224.545341 6.306E-27 0.000E+00.03110.045 4273.01330.56-.003092              2              1                    R 33      475623 510 5 5 1 8E    0.0    0.0
 51 2224.712734 1.351E-20 0.000E+00.03700.051 1059.37180.66-.002540              1              0                    R 23      475623 510 5 5 1 1E    0.0    0.0
 51 2227.043097 3.480E-27 0.000E+00.03060.045 4401.59430.55-.003140              2              1                    R 34      475623 510 5 5 1 8E    0.0    0.0
 51 2227.638643 9.022E-21 0.000E+00.03630.051 1151.31500.65-.002601              1              0                    R 24      475623 510 5 5 1 8E    0.0    0.0
 51 2229.500734 1.885E-27 0.000E+00.03010.044 4533.89830.54-.003187              2              1                    R 35      475623 510 5 5 1 8E    0.0    0.0
 51 2230.525888 5.902E-21 0.000E+00.03570.050 1247.05920.64-.002661              1              0                    R 25      475623 510 5 5 1 8E    0.0    0.0
 51 2231.918108 1.002E-27 0.000E+00.02960.044 4669.92000.53-.003232              2              1                    R 36      475623 510 5 5 1 8E    0.0    0.0
 51 2233.374323 3.785E-21 0.000E+00.03500.049 1346.60080.63-.002719              1              0                    R 26      475623 510 5 5 1 8E    0.0    0.0
 51 2234.295073 5.224E-28 0.000E+00.02920.043 4809.65410.52-.003276              2              1                    R 37      475623 510 5 5 1 8E    0.0    0.0
 51 2236.183803 2.379E-21 0.000E+00.03440.049 1449.93590.62-.002777              1              0                    R 27      475623 510 5 5 1 8E    0.0    0.0
 51 2236.631486 2.674E-28 0.000E+00.02870.043 4953.09540.51-.003318              2              1                    R 38      475623 510 5 5 1 8E    0.0    0.0
 51 2238.927200 1.344E-28 0.000E+00.02830.042 5100.23820.50-.003360              2              1                    R 39      475623 510 5 5 1 8E    0.0    0.0
 51 2238.954182 1.467E-21 0.000E+00.03380.048 1557.06070.61-.002833              1              0                    R 28      475623 510 5 5 1 8E    0.0    0.0
 51 2241.182072 6.626E-29 0.000E+00.02780.042 5251.07690.49-.003400              2              1                    R 40      475623 510 5 5 1 8E    0.0    0.0
 51 2241.685315 8.865E-22 0.000E+00.03330.047 1667.97090.60-.002887              1              0                    R 29      475623 510 5 5 1 8E    0.0    0.0
 51 2243.395957 3.208E-29 0.000E+00.02740.041 5405.60560.48-.003439              2              1                    R 41      475623 510 5 5 1 8E    0.0    0.0
 51 2244.377056 5.255E-22 0.000E+00.03270.047 1782.66240.59-.002941              1              0                    R 30      475623 510 5 5 1 8E    0.0    0.0
 51 2245.568710 1.524E-29 0.000E+00.02700.041 5563.81840.47-.003476              2              1                    R 42      475623 510 5 5 1 8E    0.0    0.0
 51 2247.029262 3.055E-22 0.000E+00.03210.046 1901.13080.58-.002993              1              0                    R 31      475623 510 5 5 1 8E    0.0    0.0
 51 2247.700187 7.112E-30 0.000E+00.02660.040 5725.70900.47-.003513              2              1                    R 43      475623 510 5 5 1 8E    0.0    0.0
 51 2249.641788 1.742E-22 0.000E+00.03160.046 2023.37150.57-.003043              1              0                    R 32      475623 510 5 5 1 8E    0.0    0.0
 51 2249.790242 3.258E-30 0.000E+00.02630.040 5891.27140.46-.003549              2              1                    R 44      475623 510 5 5 1 8E    0.0    0.0
 51 2251.838733 1.465E-30 0.000E+00.02590.040 6060.49900.45-.003583              2              1                    R 45      475623 510 5 5 1 8E    0.0    0.0
 51 2252.214487 9.745E-23 0.000E+00.03110.045 2149.37990.56-.003092              1              0                    R 33      475623 510 5 5 1 8E    0.0    0.0
 51 2253.845514 6.470E-31 0.000E+00.02550.039 6233.38530.44-.003617              2              1                    R 46      475623 510 5 5 1 8E    0.0    0.0
 51 2254.747216 5.348E-23 0.000E+00.03060.045 2279.15110.55-.003140              1              0                    R 34      475623 510 5 5 1 8E    0.0    0.0
 51 2255.810441 2.806E-31 0.000E+00.02520.039 6409.92360.44-.003649              2              1                    R 47      475623 510 5 5 1 8E    0.0    0.0
 51 2257.239829 2.879E-23 0.000E+00.03010.044 2412.68010.54-.003187              1              0                    R 35      475623 510 5 5 1 8E    0.0    0.0
 51 2257.733370 1.195E-31 0.000E+00.02480.038 6590.10710.43-.003681              2              1                    R 48      475623 510 5 5 1 8E    0.0    0.0
 51 2259.692183 1.521E-23 0.000E+00.02960.044 2549.96200.53-.003232              1              0                    R 36      475623 510 5 5 1 8E    0.0    0.0
 51 2262.104132 7.883E-24 0.000E+00.02920.043 2690.99130.52-.003276              1              0                    R 37      475623 510 5 5 1 8E    0.0    0.0
 51 2264.475532 4.009E-24 0.000E+00.02870.043 2835.76270.51-.003318              1              0                    R 38      475623 510 5 5 1 8E    0.0    0.0
 51 2266.806239 2.001E-24 0.000E+00.02830.042 2984.27070.50-.003360              1              0                    R 39      475623 510 5 5 1 8E    0.0    0.0
 51 2269.096108 9.800E-25 0.000E+00.02780.042 3136.50950.49-.003400              1              0                    R 40      475623 510 5 5 1 8E    0.0    0.0
 51 2271.344996 4.713E-25 0.000E+00.02740.041 3292.47340.48-.003439              1              0                    R 41      475623 510 5 5 1 8E    0.0    0.0
 51 2273.552757 2.224E-25 0.000E+00.02700.041 3452.15630.47-.003476              1              0                    R 42      475623 510 5 5 1 8E    0.0    0.0
 51 2275.719249 1.030E-25 0.000E+00.02660.040 3615.55210.47-.003513              1              0                    R 43      475623 510 5 5 1 8E    0.0    0.0
 51 2277.844326 4.683E-26 0.000E+00.02630.040 3782.65460.46-.003549              1              0                    R 44      475623 510 5 5 1 8E    0.0    0.0
 51 2279.927846 2.090E-26 0.000E+00.02590.040 3953.45740.45-.003583              1              0                    R 45      475623 510 5 5 1 8E    0.0    0.0
 51 2281.969664 9.160E-27 0.000E+00.02550.039 4127.95390.44-.003617              1              0                    R 46      475623 510 5 5 1 8E    0.0    0.0
 51 2283.969636 3.941E-27 0.000E+00.02520.039 4306.13750.44-.003649              1              0                    R 47      475623 510 5 5 1 8E    0.0    0.0
 51 2285.927619 1.665E-27 0.000E+00.02480.038 4488.00120.43-.003681              1              0                    R 48      475623 510 5 5 1 8E    0.0    0.0
 51 2287.843469 6.904E-28 0.000E+00.02450.038 4673.53810.42-.003711              1              0                    R 49      475623 510 5 5 1 8E    0.0    0.0
 51 2289.717042 2.812E-28 0.000E+00.02420.038 4862.74110.41-.003741              1              0                    R 50      375623 510 5 5 1 8E    0.0    0.0
 51 2291.548195 1.124E-28 0.000E+00.02390.037 5055.60290.41-.003770              1              0                    R 51      375623 510 5 5 1 8E    0.0    0.0
 51 2293.336784 4.416E-29 0.000E+00.02360.037 5252.11620.40-.003798              1              0                    R 52      375623 510 5 5 1 8E    0.0    0.0
 51 2295.082667 1.703E-29 0.000E+00.02330.037 5452.27330.39-.003825              1              0                    R 53      375623 510 5 5 1 8E    0.0    0.0
 51 2296.785698 6.450E-30 0.000E+00.02300.036 5656.06660.39-.003852              1              0                    R 54      375623 510 5 5 1 8E    0.0    0.0
 51 2298.445736 2.400E-30 0.000E+00.02270.036 5863.48830.38-.003878              1              0                    R 55      375623 510 5 5 1 8E    0.0    0.0
 51 2300.062637 8.770E-31 0.000E+00.02240.036 6074.53040.38-.003903              1              0                    R 56      375623 510 5 5 1 8E    0.0    0.0
 51 2301.636256 3.148E-31 0.000E+00.02210.035 6289.18470.37-.003927              1              0                    R 57      375623 510 5 5 1 8E    0.0    0.0
 51 2303.166452 1.110E-31 0.000E+00.02190.035 6507.44310.36-.003951              1              0                    R 58      375623 510 5 5 1 8E    0.0    0.0
